4  			
1122511  1.07373e+09  170403  5.59853e+08
168358  1.62682e+08  30996  9.42372e+07
173916  1.68181e+08  60168  1.64959e+08
160106  1.56353e+08  18054  5.9709e+07
433740  4.20702e+08  129935  3.4655e+08
601151  5.72847e+08  184101  4.93299e+08
611263  5.76839e+08  239950  6.03296e+08
418321  3.99844e+08  177874  4.43349e+08
526332  5.028e+08  139845  3.9176e+08
229999  2.2139e+08  89002  2.23369e+08
98631  9.68997e+07  39244  1.02764e+08
47887  4.66005e+07  21191  5.18259e+07
594051  5.6118e+08  144604  4.08133e+08
494506  4.72474e+08  157424  4.19584e+08
330728  3.26373e+08  77259  2.37974e+08
460310  4.54537e+08  179751  4.79368e+08
84841  8.38525e+07  41980  1.01278e+08
742193  7.12828e+08  123682  3.70773e+08
384731  3.67181e+08  141619  3.51599e+08
1030310  9.79431e+08  523359  1.21839e+09
493850  4.75102e+08  75021  2.29964e+08
99425  9.71282e+07  60141  1.36736e+08
329396  3.24232e+08  77046  2.36377e+08
255072  2.47212e+08  60739  1.76999e+08
596615  5.74607e+08  174982  4.90445e+08
84773  8.19691e+07  14220  4.27807e+07
72413  7.07361e+07  26678  6.70594e+07
109780  1.04998e+08  61769  1.38089e+08
61187  5.98868e+07  30166  7.44282e+07
80570  7.99833e+07  24756  6.624e+07
355970  3.43067e+08  156182  3.97881e+08
275334  2.74502e+08  88587  2.51964e+08
132061  1.33285e+08  21478  6.73401e+07
373508  3.67828e+08  60696  1.89618e+08
1602104  1.5298e+09  414058  1.11883e+09
110663  1.07992e+08  42951  1.14037e+08
487525  4.65057e+08  136323  3.49462e+08
288934  2.77644e+08  63782  1.88946e+08
71602  7.14949e+07  20246  5.64495e+07
404141  3.9781e+08  135220  3.63861e+08
260796  2.54062e+08  76613  2.10121e+08
51506  4.99828e+07  18917  4.78279e+07
176861  1.69339e+08  69492  1.74668e+08
93949  9.08845e+07  30881  8.04128e+07
434824  4.18189e+08  62922  2.06013e+08
536486  5.1978e+08  146762  3.99976e+08
83575  8.15545e+07  23880  6.12162e+07
361834  3.49521e+08  81101  2.41503e+08
412369  3.9997e+08  121463  3.29259e+08
138936  1.35338e+08  32979  9.25418e+07

