## 50 casos random de 4x4 poda 2.0

## cantidad de llamadas / tiempo
674702  2.70647e+09
91546  3.54118e+08
173431  6.23716e+08
82596  3.48855e+08
176886  6.35588e+08
225904  8.04607e+08
242461  8.25097e+08
224202  7.87015e+08
206063  7.73398e+08
156270  5.43678e+08
95872  3.38967e+08
374466  1.3274e+09
619299  2.26096e+09
199095  7.07231e+08
630596  2.51305e+09
182394  6.38197e+08
225171  7.40735e+08
802306  3.21449e+09
177223  6.35862e+08
1440338  4.7464e+09
211793  8.1056e+08
435137  1.3971e+09
733686  2.83672e+09
203292  7.6863e+08
448422  1.67603e+09
70489  2.61576e+08
153449  5.2775e+08
76637  2.54412e+08
75125  2.53363e+08
196428  7.14437e+08
152535  5.25927e+08
391054  1.4289e+09
79040  3.00652e+08
662745  2.6327e+09
771748  2.90676e+09
243942  8.80185e+08
264427  9.29111e+08
126051  4.60096e+08
197615  7.29222e+08
174063  6.16753e+08
357446  1.26363e+09
148190  5.00243e+08
131183  4.48667e+08
53599  1.90361e+08
161055  6.41517e+08
143497  5.04303e+08
206948  7.19258e+08
809001  3.08502e+09
132145  4.64365e+08
191281  7.01778e+08

