## 50 casos random de 4x4 poda 1
## son los mismos 50 casos!
## cantidad de llamadas / tiempo


1122511  1.04771e+09
168358  1.62806e+08
173916  1.64297e+08
160106  1.55421e+08
433740  4.17792e+08
601151  5.71652e+08
611263  5.77295e+08
418321  3.93778e+08
526332  4.90958e+08
229999  2.17302e+08
98631  9.29127e+07
47887  4.51924e+07
594051  5.61102e+08
494506  4.67128e+08
330728  3.08745e+08
460310  4.37591e+08
84841  8.0991e+07
742193  6.98155e+08
384731  3.6421e+08
1030310  9.52851e+08
493850  4.6878e+08
99425  9.46343e+07
329396  3.17224e+08
255072  2.42188e+08
596615  5.62276e+08
84773  8.13742e+07
72413  6.84553e+07
109780  1.02453e+08
61187  5.78248e+07
80570  7.6615e+07
355970  3.39795e+08
275334  2.68305e+08
132061  1.29701e+08
373508  3.67739e+08
1602104  1.51727e+09
110663  1.09208e+08
487525  4.66256e+08
288934  2.81649e+08
71602  6.80582e+07
404141  3.90783e+08
260796  2.53176e+08
51506  5.05534e+07
176861  1.71946e+08
93949  9.27378e+07
434824  4.2313e+08
536486  5.20509e+08
83575  8.43007e+07
361834  3.47069e+08
412369  3.93184e+08
138936  1.34297e+08

